time
0.0
2.3148148148148147e-05
4.6296296296296294e-05
6.944444444444444e-05
9.259259259259259e-05
0.00011574074074074075
0.0001388888888888889
0.00016203703703703706
0.00018518518518518518
0.00020833333333333335
0.0002314814814814815
0.0002546296296296296
0.0002777777777777778
0.0003009259259259259
0.0003240740740740741
0.00034722222222222224
0.00037037037037037035
0.0003935185185185185
0.0004166666666666667
0.0004398148148148148
0.000462962962962963
0.0004861111111111111
0.0005092592592592592
0.0005324074074074074
0.0005555555555555556
0.0005787037037037038
0.0006018518518518518
0.000625
0.0006481481481481482
0.0006712962962962962
0.0006944444444444445
0.0007175925925925926
0.0007407407407407407
0.0007638888888888889
0.000787037037037037
0.0008101851851851852
0.0008333333333333334
0.0008564814814814815
0.0008796296296296296
0.0009027777777777777
0.000925925925925926
0.0009490740740740741
0.0009722222222222222
0.0009953703703703704
0.0010185185185185184
0.0010416666666666667
0.0010648148148148149
0.0010879629629629629
0.0011111111111111111
0.0011342592592592591
0.0011574074074074076
0.0011805555555555556
0.0012037037037037036
0.001226851851851852
0.00125
0.001273148148148148
0.0012962962962962965
0.0013194444444444445
0.0013425925925925925
0.0013657407407407407
0.001388888888888889
0.00771604938271605
