time
0.0
0.08333333333333333
0.16666666666666666
0.25
0.3333333333333333
0.4166666666666667
0.5
0.5833333333333334
0.6666666666666666
0.75
0.8333333333333334
0.9166666666666666
1.0
1.0833333333333333
1.1666666666666667
1.25
1.3333333333333333
1.4166666666666667
1.5
1.5833333333333333
1.6666666666666667
1.75
1.8333333333333333
1.9166666666666667
2.0
2.0833333333333335
2.1666666666666665
2.25
2.3333333333333335
2.4166666666666665
2.5
2.5833333333333335
2.6666666666666665
2.75
2.8333333333333335
2.9166666666666665
3.0
3.0833333333333335
3.1666666666666665
3.25
3.3333333333333335
3.4166666666666665
3.5
3.5833333333333335
3.6666666666666665
3.75
3.8333333333333335
3.9166666666666665
4.0
4.083333333333333
4.166666666666667
4.25
4.333333333333333
4.416666666666667
4.5
4.583333333333333
4.666666666666667
4.75
4.833333333333333
4.916666666666667
5.0
27.77777777777778
